 1948 2011
1948  -0.970  -0.593  -0.751  -0.880  -1.972   1.751  -1.135  -3.303  -2.260  -1.603  -1.559  -1.876
1949  -2.420  -2.552  -0.661  -2.703  -0.577   1.641  -1.498   0.058   0.617  -1.975  -0.409  -4.008
1950  -3.553   0.242  -2.795  -2.217  -0.535  -0.329   2.039  -0.705  -0.263  -0.457  -1.562   0.672
1951   0.608   0.358  -0.958  -3.476  -1.330  -0.568  -0.261  -3.050   0.679  -3.519  -6.533  -2.934
1952  -1.922   1.184  -2.126  -1.916  -2.440  -3.330   1.460  -0.111  -1.738  -1.184  -2.418  -0.897
1953  -0.330  -1.626  -1.141  -3.997  -1.702   0.553  -1.712  -1.051  -1.415  -0.572  -0.942  -0.796
1954   0.459   0.533  -3.739  -0.492  -0.233  -1.091  -1.768  -2.183   1.448   0.620  -1.740  -2.688
1955  -0.032   1.406   0.641  -1.422   0.130   1.185  -0.109  -4.445   0.872  -1.953  -3.183  -1.130
1956  -2.606  -2.258  -0.345  -2.491  -0.946   0.345  -1.743  -2.282  -1.028  -0.025  -2.476  -3.127
1957  -2.587  -1.740   0.613  -2.732  -2.446  -1.898   0.325  -3.146   0.619  -2.256  -4.193  -2.717
1958  -0.263  -1.994  -2.458  -2.392  -2.650   0.098  -3.324   1.300   2.206  -0.638  -1.143   0.352
1959   0.876  -0.666  -0.510  -4.654  -2.055   0.004  -0.318  -1.290   3.049  -1.441   1.973  -0.932
1960  -1.029   0.060   1.758  -1.520  -0.506  -0.147   0.936   0.530   0.850  -0.641  -0.072  -0.648
1961  -1.390  -2.642  -0.857  -1.391  -0.379   0.143  -0.528  -1.814  -0.669   1.844   0.644   1.335
1962   1.584  -2.717  -1.747   1.066   0.218  -1.973   1.681  -0.356  -0.392  -0.481  -3.115   0.344
1963   1.689   1.206   0.740  -0.515  -0.998   0.561  -0.988  -7.774  -3.194  -0.065  -0.184  -0.817
1964  -4.252  -2.001  -1.268   0.051   1.618  -3.190  -5.852  -2.153   1.211  -0.456  -3.723  -3.099
1965  -2.211  -7.926  -1.854  -1.802  -1.861   0.190  -1.246  -1.829   0.301  -0.333   0.049  -2.257
1966   0.038  -2.194  -3.345  -2.306  -1.761   1.679  -2.430   2.746   0.533   0.696  -3.173  -1.822
1967  -4.729  -2.241   0.483  -0.357  -0.377   1.880   0.988   0.939  -0.171  -0.423  -1.899  -1.619
1968  -1.009  -2.288  -0.713  -4.556  -2.422   0.306   1.980  -0.929  -0.997  -2.580  -4.208  -2.701
1969  -5.708  -3.017  -1.059  -3.054  -0.665  -0.984   0.641   1.192   0.753  -0.810   0.157  -1.013
1970   0.364   0.085  -2.315  -2.577  -0.532  -0.064  -0.750   1.392  -1.194  -2.446  -0.709  -2.444
1971  -2.087  -0.085   0.522  -1.986  -3.079   1.025  -1.399   0.277  -0.571  -2.545  -1.260  -2.580
1972  -3.777  -1.558  -2.402  -4.864  -0.768  -1.983  -1.437  -3.823  -0.078  -0.151   1.029  -3.166
1973  -1.680   0.564   0.727  -1.379  -2.531   0.220   0.189   1.722  -0.263   0.271  -1.259   1.811
1974  -0.429   2.206   2.075  -0.702  -0.856  -0.127  -1.025  -4.387   1.902  -1.114  -2.672  -2.550
1975  -2.680  -0.986  -0.514  -0.488  -2.954  -0.993  -2.949   1.094   2.791   0.598  -1.192  -0.211
1976  -1.788   0.478  -0.372   1.621   1.331  -0.408   0.914  -0.162  -0.119  -1.650  -4.870  -7.270
1977  -4.169  -0.070  -1.407  -2.583  -1.734  -1.904  -1.396  -1.583   1.194  -0.100  -0.426  -1.338
1978   1.292  -0.439  -0.446  -1.434  -2.251   0.496  -3.766   3.034   0.963  -0.756  -1.952   0.093
1979   0.396   0.610   1.709  -0.171   0.410   2.032   2.268   0.042   1.365   0.367  -1.851  -2.051
1980  -0.894  -2.702  -4.033  -4.604  -0.470   0.546  -2.870  -1.402  -2.423   0.976  -3.182  -2.065
1981   1.081   1.466  -2.838  -4.384  -0.251   0.406  -1.605  -3.468  -2.525  -1.118   1.169   1.831
1982  -1.221   1.454   3.758   2.479  -1.343   0.119  -0.557   0.848   1.402  -3.148  -1.163  -3.454
1983  -3.782  -1.556   1.233  -0.999  -0.334  -0.187   1.406   0.453  -1.550   1.689   1.837  -0.030
1984  -2.978  -1.582  -0.366  -0.101  -1.311   1.390   0.127  -1.791  -0.972  -1.558   0.445  -3.860
1985  -2.436  -0.359  -0.289   1.114  -0.438  -1.783   2.198   1.555   2.745   0.375   1.402   0.905
1986   0.393  -3.732  -1.342   0.030  -3.884  -0.772  -0.342  -0.214   1.311  -0.934  -0.272   1.989
1987  -2.365  -2.651  -1.859   0.482   0.345  -0.633  -1.630   1.944  -1.606   0.533   1.873  -0.169
1988  -1.270   1.316  -0.175   0.584  -1.137  -0.950   1.615  -0.726  -0.829  -4.040   1.432   1.601
1989   0.157   0.857   1.455  -0.181   3.481   3.761   0.945  -1.251  -0.331   0.343   1.533  -0.645
1990  -0.321   2.388   1.775  -4.129  -1.704   0.132  -1.195   0.358   2.994   1.458   0.259  -0.005
1991   1.381  -1.593  -0.950  -1.717   0.029  -1.640  -1.507   1.201  -3.095  -0.457  -1.976  -3.595
1992   0.230  -2.803  -2.606  -2.180  -3.188  -3.563  -0.093  -0.924  -0.683  -0.662  -0.988  -0.930
1993  -4.648  -0.458  -3.118  -0.521   1.639   1.557   2.092   0.807   1.099   0.499  -0.188   0.638
1994   0.056   2.437  -0.446  -0.223  -1.694  -3.320  -0.420   4.390  -2.161  -0.786  -1.939   0.668
1995   1.992   0.764  -0.147   0.314   2.307  -1.830  -3.724  -1.202   2.559  -0.771   0.816   1.801
1996   0.091  -1.206   1.051   0.183   1.963  -1.285  -1.412  -2.457  -3.149   1.854  -3.520  -0.057
1997   0.993  -0.248   1.008  -1.511   1.137  -0.795   0.985   0.440  -0.395  -0.881  -3.565  -0.478
1998   2.252   1.754   1.932   3.942  -1.130   2.630   4.124   3.480   1.843   0.877   2.233   1.635
1999   2.396   0.803   0.540   2.738   2.818  -1.348   0.343  -0.044   0.325   3.499   2.016   2.712
2000   2.320   2.610   0.837   1.969   2.597   0.395  -0.133  -0.837  -3.374   0.825  -2.108  -2.247
2001   0.280  -0.237   0.192   2.375  -0.197   1.215  -1.039   1.555   2.587   1.922   2.788   0.882
2002   1.162   1.845  -4.028   0.850  -3.654  -0.069  -1.605  -1.537  -0.895  -5.019  -1.412   1.766
2003  -0.705   0.366  -1.164   0.450   1.554  -0.518   1.606   0.711  -0.956  -0.574  -0.732  -1.181
2004   1.935  -2.620   0.740   0.100   1.044   1.273   1.680  -1.624   1.206  -0.001  -0.960  -1.599
2005   0.479   1.872  -0.189   2.154  -0.469  -1.575  -0.829  -0.376  -0.236  -1.108  -1.414  -3.658
2006   0.746  -1.354   2.258  -1.283   1.719   0.673   0.708  -2.456   0.433   1.670   0.983   0.228
2007  -0.491   0.721  -0.943  -1.513   0.149  -0.444  -3.225   0.828  -0.205  -0.179  -0.270   2.408
2008   1.992   0.945   2.045  -1.709  -1.545   3.444  -0.618   0.268   2.008   2.533   2.071   1.018
2009   1.129   0.709   0.471  -0.669  -0.636  -0.422  -1.819  -2.467   0.360   0.844  -2.600   0.904
2010  -0.847  -1.906   1.164   1.352   2.133   4.136   3.924   2.532   2.091   2.315   2.254   0.921
2011  -0.564   2.026  -0.122  -0.165   2.705   0.139  -0.934  -1.616  -2.619   0.953  -1.061   2.421
 -999.
Southern Annular Mode (SAM) from the 20CRV2c
Using the definition for the AOI from paper
Daoyi Gong and Shaowu Wang
Definition of Antarctic Oscillation index
Geophysical  Research Letters, Vol.  26, No.4, 459-462, February  15, 1999
DOI: 10.1029/1999GL900003
Zonal mean SLP 40S (standardized by month) minus 65S- (standardized by month)
Using 1981-2010 for standardization period
